64474
49514
2430
21173
45476
13728
21296
30502
51548
4044
1966
41280
6566
29097
5517
31369
1157
49896
8201
5667
9134
38122
5010
37581
57718
47086
3628
31448
28956
27626
3026
62026
47873
25617
18739
2730
5520
39840
37722
17316
38610
24721
12436
13684
36533
9779
55654
8396
17353
37399
28349
3376
25865
14765
2092
50549
10367
58068
22787
20511
45390
1353
47355
2250
56629
17157
48037
46984
56176
37399
52488
33952
6556
42980
53229
28997
59658
42010
65436
45681
21566
3365
4549
28862
39625
31021
45445
45264
44669
4480
18740
37354
26990
54068
49406
22062
27987
41708
25511
24451
11297
7040
48240
12315
19568
21385
42999
43914
54093
38257
25019
4189
28226
23651
26506
4027
11339
34453
9965
54148
35087
1930
36368
55706
4998
62200
31888
7899
13877
14110
22686
56368
54246
3165
38148
60892
63015
855
3146
8109
45981
47990
49022
59775
37064
62892
47984
28016
55229
47739
53413
44561
63286
15256
2121
17731
47391
37021
42477
22130
45354
18326
23180
57026
24190
24127
35871
56789
11640
47982
11558
30769
28900
53739
13497
11120
601
8920
61528
23114
2234
52850
61707
58802
18316
64015
31680
42678
49948
17073
7484
31979
47473
47077
13080
15691
18501
29661
172
14209
16814
5992
53181
49714
60725
33633
60484
27667
55050
43309
14385
5523
33762
18843
2754
32829
25470
51401
60999
23421
48789
46877
10753
46271
33970
28451
25497
2307
50248
52776
49105
16968
34917
65163
62327
18919
46373
61070
36838
52283
64374
4560
22654
30782
59255
40505
41950
47366
32646
35780
13171
19931
38577
12537
47488
37376
24699
41184
40993
60803
38754
45656
59035
9956
36933
22776
58437
57381
25634
15518
62780
54088
17592
4922
64481
43168
33009
30784
58894
61121
28774
60116
9570
40663
50048
22362
6697
8839
46262
30488
38787
22799
34899
16642
57509
6589
14520
17893
14821
2271
15827
51334
34725
50125
1385
39847
37028
55095
63394
48361
39876
10854
9568
30808
2690
31028
60883
54567
46085
44810
52004
40230
34916
60880
58591
32295
962
24144
11944
21188
17451
37548
31852
22356
61229
59697
42901
64652
13381
33900
19525
47939
2655
48910
51059
6376
43107
36217
34841
18923
15901
46408
56283
11186
9021
48158
39908
51786
18602
41871
20022
13183
25681
5956
54284
57730
29811
24145
52149
46850
11262
53074
44447
3527
10586
33500
64914
11272
33658
46833
56374
2980
61667
39715
57019
30118
14701
50618
27763
19581
41122
14658
26998
31651
54075
58629
43797
27976
41370
52511
27823
26944
27218
19819
41495
44262
46703
8407
54752
62941
52206
18863
3681
14744
13728
39625
41448
13856
47419
18967
43503
52598
26661
40554
62505
55447
21702
53622
34695
31215
41002
42825
35015
23815
41363
60266
1617
45728
42693
979
54250
51675
30561
35212
38138
40998
21211
26576
42312
40802
30439
23446
5411
33699
30353
59558
5237
19658
22540
29893
12632
31776
54274
22489
53154
14102
25454
22258
24774
20243
29978
23120
41950
30330
1979
51757
42341
60824
38339
3420
15100
51910
17072
15822
19037
20533
19149
33936
39072
60392
1205
20044
2514
60218
13116
60885
54585
18335
52598
29019
2655
28172
52458
45914
62155
29157
32500
47107
5605
47093
30874
34111
27862
2479
52190
3272
17543
60731
54519
53023
20941
38922
46394
21012
6121
24480
56094
49124
18904
64436
17068
19314
44047
36253
4767
46192
60371
18352
65499
19021
13432
54228
17951
34844
9943
38780
53453
11589
30021
36012
23820
2064
21425
16361
24118
24403
18839
16913
25083
35053
46868
61372
45579
10812
37230
17833
18611
26722
55917
51077
39910
56858
4778
31786
47608
5770
9896
11383
7161
1536
61960
26752
1681
7487
39248
7696
25257
8179
27190
35824
26148
32188
16840
8931
59920
5304
20562
125
53729
42802
29081
29917
52726
64077
50808
52003
7707
15153
12309
61901
52740
33262
13872
50107
28992
53007
36535
30990
21832
53519
19928
6306
55759
56227
61709
52111
31046
27299
17767
25693
36939
5883
14366
47017
8739
15516
8227
1004
25913
34291
1667
22137
29890
56193
64033
56453
63150
44491
65458
25767
9924
29816
45477
2006
35843
28699
64053
19663
39885
1076
26062
60952
57766
17872
39361
19980
35465
61331
21774
11661
49704
49162
43887
17724
28484
12520
40795
20281
1274
28676
60303
1030
16659
60215
20785
45276
28288
39269
37318
52432
46568
23269
58802
15512
63587
23708
7552
32521
57614
51609
8084
32436
15435
22825
25061
15240
7905
24919
45467
27254
5745
8698
48589
52466
4029
30992
45271
42744
6312
16433
49521
60492
56195
15153
13286
36215
4569
60169
16591
36404
5677
21741
54248
6796
49409
3490
63228
49531
25918
45889
64752
62516
50750
44535
27615
19453
29988
12542
7445
20142
1902
19002
49936
7932
58562
32598
51834
60048
2414
19547
30669
61545
36033
32938
59881
40587
12809
17796
53069
49866
61277
50079
47317
57300
33295
15798
63457
59830
44238
51901
24292
33821
6713
1516
24731
9486
36741
21274
21596
34959
51396
9564
53887
49528
8910
56012
31745
329
61679
44223
14704
18614
52641
15923
18509
30004
22723
62658
55378
12507
6833
24904
42259
53831
52437
3844
55591
9618
11766
32903
42987
54917
5345
31538
50959
64219
26444
62252
15097
16970
26487
33861
34164
5371
55516
57029
3835
26813
26130
33755
50385
5518
34681
39513
8864
47980
44632
11314
51934
59888
25107
17845
5781
48763
14425
58188
41217
60263
31984
26505
22235
27355
3332
11310
24923
40392
25689
15209
56128
25720
23349
5459
26582
48516
18902
46833
57874
37461
38158
42429
41462
47703
26164
13191
37232
38655
2679
19516
5484
28669
10744
6275
56516
24539
26885
26328
64146
60074
48357
55233
25934
33315
42133
4727
30056
18743
56516
3284
19926
25772
3938
38180
3250
23345
25243
38252
8917
17854
54122
57246
31801
27965
38128
1955
2498
1166
37470
54538
25708
53891
62678
315
25417
13882
44145
16873
42719
7705
25302
26893
60819
30281
37322
44477
62549
43924
20474
57892
15609
4878
36205
31991
11865
2615
11908
24153
4785
11893
43984
11029
50075
6778
32028
62554
45661
11282
47753
48906
7061
12742
38528
56178
55435
52614
57775
65116
31520
25779
59134
46465
23941
44678
751
19865
35073
11297
18498
7679
57613
59930
56679
40695
48814
62957
2883
51953
5337
37608
61641
19029
